"","avg.mae","avg.rcor","detail.mae","detail.rcor"
"1",0.441904463198016,0.3961313243824,0.505906376397245,0.378180692209637
"2",0.441904463198016,0.3961313243824,0.453628541260888,0.385661359905348
"3",0.441904463198016,0.3961313243824,0.428505820515678,0.412286516079388
"4",0.441904463198016,0.3961313243824,0.457185484146209,0.383707977885985
"5",0.441904463198016,0.3961313243824,0.443522527759334,0.392962495173255
"6",0.441904463198016,0.3961313243824,0.406767411626233,0.463578994517186
"7",0.441904463198016,0.3961313243824,0.544518008839706,0.396859812133889
"8",0.441904463198016,0.3961313243824,0.443036075374063,0.292154109747421
"9",0.441904463198016,0.3961313243824,0.390194651123555,0.3306182111036
"10",0.441904463198016,0.3961313243824,0.389865944810021,0.327993916987041
"11",0.441904463198016,0.3961313243824,0.52706110757051,0.431797196069724
"12",0.441904463198016,0.3961313243824,0.404737810035234,0.361888502330104
"13",0.441904463198016,0.3961313243824,0.428052404297296,0.482907537082238
"14",0.441904463198016,0.3961313243824,0.407508314570769,0.433850261967501
"15",0.441904463198016,0.3961313243824,0.492498305523858,0.467724173717107
"16",0.441904463198016,0.3961313243824,0.454322728444045,0.398637866082636
"17",0.441904463198016,0.3961313243824,0.437179345146689,0.358327225962516
"18",0.441904463198016,0.3961313243824,0.514087122472033,0.410628463674633
"19",0.441904463198016,0.3961313243824,0.440545493493439,0.362403982243589
"20",0.441904463198016,0.3961313243824,0.441456265069097,0.355244967454664
"21",0.441904463198016,0.3961313243824,0.506944307628073,0.368048415411577
"22",0.441904463198016,0.3961313243824,0.407787250778818,0.400409601076773
"23",0.441904463198016,0.3961313243824,0.417208986723309,0.414244885275052
"24",0.441904463198016,0.3961313243824,0.382492275285676,0.456422191406439
"25",0.441904463198016,0.3961313243824,0.433945780441282,0.434732857870206
"26",0.441904463198016,0.3961313243824,0.430250770196149,0.380349150635616
"27",0.441904463198016,0.3961313243824,0.342908995147109,0.376927679018627
"28",0.441904463198016,0.3961313243824,0.392538032734388,0.390367003301505
"29",0.441904463198016,0.3961313243824,0.496343830129052,0.447351184806348
"30",0.441904463198016,0.3961313243824,0.436133928400713,0.387672500342393
