"","avg.mae","avg.rcor","detail.mae","detail.rcor"
"1",0.452261741875566,0.463110646599945,0.596487193986074,0.427825814181299
"2",0.452261741875566,0.463110646599945,0.420602733555734,0.463560843353349
"3",0.452261741875566,0.463110646599945,0.480924113526782,0.654448821744886
"4",0.452261741875566,0.463110646599945,0.442856811604732,0.536145902280956
"5",0.452261741875566,0.463110646599945,0.534235892913871,0.531468978801785
"6",0.452261741875566,0.463110646599945,0.467428372580456,0.492884138432839
"7",0.452261741875566,0.463110646599945,0.450332438939347,0.533286012007824
"8",0.452261741875566,0.463110646599945,0.440088534761179,0.360068924935994
"9",0.452261741875566,0.463110646599945,0.395580381460561,0.322741044909571
"10",0.452261741875566,0.463110646599945,0.51553538796983,0.478375483653414
"11",0.452261741875566,0.463110646599945,0.419912940050392,0.44002110770921
"12",0.452261741875566,0.463110646599945,0.422777394847896,0.37844128286992
"13",0.452261741875566,0.463110646599945,0.427067533095579,0.397002341368573
"14",0.452261741875566,0.463110646599945,0.429908217285845,0.373894540888799
"15",0.452261741875566,0.463110646599945,0.470309123976926,0.405520133504605
"16",0.452261741875566,0.463110646599945,0.499765634897175,0.523174017654884
"17",0.452261741875566,0.463110646599945,0.550777199800705,0.497718780390145
"18",0.452261741875566,0.463110646599945,0.350349454762484,0.571899105284716
"19",0.452261741875566,0.463110646599945,0.408318510540428,0.513799864028763
"20",0.452261741875566,0.463110646599945,0.524082776795242,0.48448834706307
"21",0.452261741875566,0.463110646599945,0.41654354012686,0.56135701115136
"22",0.452261741875566,0.463110646599945,0.475366149119531,0.414113802592253
"23",0.452261741875566,0.463110646599945,0.434517857205277,0.511797861074346
"24",0.452261741875566,0.463110646599945,0.470446559606392,0.452534758803363
"25",0.452261741875566,0.463110646599945,0.40724468414351,0.474694939367631
"26",0.452261741875566,0.463110646599945,0.38449273543849,0.414807389303418
"27",0.452261741875566,0.463110646599945,0.424306325423002,0.422448632189241
"28",0.452261741875566,0.463110646599945,0.435413596656437,0.484372287172725
"29",0.452261741875566,0.463110646599945,0.485718168411331,0.43551365425735
"30",0.452261741875566,0.463110646599945,0.386461992784904,0.334913577022075
