"","avg.mae","avg.rcor","detail.mae","detail.rcor"
"1",0.662304434461919,0.579302665214997,0.856279317027805,0.644657887068751
"2",0.662304434461919,0.579302665214997,0.510585330830445,0.606015555653206
"3",0.662304434461919,0.579302665214997,0.53607910247114,0.539664314825609
"4",0.662304434461919,0.579302665214997,0.497072458791209,0.521686020618786
"5",0.662304434461919,0.579302665214997,0.624319101877066,0.56549896398297
"6",0.662304434461919,0.579302665214997,0.6446646973466,0.497700943052087
"7",0.662304434461919,0.579302665214997,0.677251838235294,0.524391114514521
"8",0.662304434461919,0.579302665214997,0.607336701027403,0.390212185927183
"9",0.662304434461919,0.579302665214997,0.598500798770195,0.61983768165398
"10",0.662304434461919,0.579302665214997,0.687301543942169,0.583366912848699
"11",0.662304434461919,0.579302665214997,0.636459440451555,0.55507162377538
"12",0.662304434461919,0.579302665214997,0.868386413322765,0.610670134577444
"13",0.662304434461919,0.579302665214997,0.64633474851606,0.613271129502842
"14",0.662304434461919,0.579302665214997,0.829844353836953,0.606505544247915
"15",0.662304434461919,0.579302665214997,0.633456174858557,0.672664429638531
"16",0.662304434461919,0.579302665214997,0.666423252943775,0.512580355960184
"17",0.662304434461919,0.579302665214997,0.757640648646746,0.627067465610141
"18",0.662304434461919,0.579302665214997,0.630488782051282,0.576238478336532
"19",0.662304434461919,0.579302665214997,0.590741341991342,0.495295346127694
"20",0.662304434461919,0.579302665214997,0.582462459415584,0.597455596239873
"21",0.662304434461919,0.579302665214997,0.672173706335702,0.626233148725861
"22",0.662304434461919,0.579302665214997,0.692277298850575,0.632232900451602
"23",0.662304434461919,0.579302665214997,0.691797177458382,0.559715569178443
"24",0.662304434461919,0.579302665214997,0.637013691953208,0.741898380890002
"25",0.662304434461919,0.579302665214997,0.667470455858284,0.533951954657403
"26",0.662304434461919,0.579302665214997,0.620102611940298,0.409092970576135
"27",0.662304434461919,0.579302665214997,0.848887115153079,0.689396462216513
"28",0.662304434461919,0.579302665214997,0.642566100279455,0.595236972878943
"29",0.662304434461919,0.579302665214997,0.652708610889311,0.691511662780942
"30",0.662304434461919,0.579302665214997,0.662507758785332,0.539958249931749
