"","avg.mae","avg.rcor","detail.mae","detail.rcor"
"1",0.639654436038025,0.629080598198638,0.749892142243127,0.617734888234722
"2",0.639654436038025,0.629080598198638,0.584839141025349,0.666935981292712
"3",0.639654436038025,0.629080598198638,0.709426462578149,0.444732625725642
"4",0.639654436038025,0.629080598198638,0.525397367596294,0.632944722174703
"5",0.639654436038025,0.629080598198638,0.561698241878793,0.746749407995655
"6",0.639654436038025,0.629080598198638,0.577614595094827,0.545774488235928
"7",0.639654436038025,0.629080598198638,0.665623671659046,0.666972834574145
"8",0.639654436038025,0.629080598198638,0.709495171874162,0.744150282518066
"9",0.639654436038025,0.629080598198638,0.501049104832988,0.642069171184421
"10",0.639654436038025,0.629080598198638,0.769575798734992,0.651301457823947
"11",0.639654436038025,0.629080598198638,0.757003335360489,0.618665401519535
"12",0.639654436038025,0.629080598198638,0.633283009378876,0.681501729749223
"13",0.639654436038025,0.629080598198638,0.611718636001107,0.666241563750263
"14",0.639654436038025,0.629080598198638,0.613584294268567,0.532865267687134
"15",0.639654436038025,0.629080598198638,0.671691011975138,0.644713585801617
"16",0.639654436038025,0.629080598198638,0.690160186703902,0.68409402836992
"17",0.639654436038025,0.629080598198638,0.755446585012389,0.65365917309842
"18",0.639654436038025,0.629080598198638,0.767858407635816,0.593092705147438
"19",0.639654436038025,0.629080598198638,0.657066867331763,0.629419585745849
"20",0.639654436038025,0.629080598198638,0.508063842261131,0.646029802196433
"21",0.639654436038025,0.629080598198638,0.599843739525005,0.43595686917341
"22",0.639654436038025,0.629080598198638,0.505515852895855,0.541739249490475
"23",0.639654436038025,0.629080598198638,0.640936583589357,0.629823647892394
"24",0.639654436038025,0.629080598198638,0.545861496872163,0.62058169992351
"25",0.639654436038025,0.629080598198638,0.627526466571725,0.666865578807524
"26",0.639654436038025,0.629080598198638,0.664543097097416,0.743969500804509
"27",0.639654436038025,0.629080598198638,0.638197330264742,0.624185220005883
"28",0.639654436038025,0.629080598198638,0.691605883356288,0.514750225221908
"29",0.639654436038025,0.629080598198638,0.714491653495307,0.701462164735969
"30",0.639654436038025,0.629080598198638,0.540623104025969,0.683435087077772
