"","avg.mae","avg.rcor","detail.mae","detail.rcor"
"1",0.18986864317706,0.333606288657872,0.193296104259754,0.184247243371275
"2",0.18986864317706,0.333606288657872,0.184607653311915,0.281513033856682
"3",0.18986864317706,0.333606288657872,0.175602825268377,0.28740789484589
"4",0.18986864317706,0.333606288657872,0.20173115799664,0.311457843021637
"5",0.18986864317706,0.333606288657872,0.208447449503595,0.361693558102045
"6",0.18986864317706,0.333606288657872,0.246437841846667,0.419926923749007
"7",0.18986864317706,0.333606288657872,0.18276478090511,0.486797109564539
"8",0.18986864317706,0.333606288657872,0.197797279909756,0.398299682642559
"9",0.18986864317706,0.333606288657872,0.29135222380564,0.217363728444236
"10",0.18986864317706,0.333606288657872,0.173395073054094,0.473903862589604
"11",0.18986864317706,0.333606288657872,0.192919634111925,0.311049258671532
"12",0.18986864317706,0.333606288657872,0.204472706957179,0.219690058985495
"13",0.18986864317706,0.333606288657872,0.195592144756024,0.352839575290832
"14",0.18986864317706,0.333606288657872,0.205934731718665,0.407046626881171
"15",0.18986864317706,0.333606288657872,0.206462096837513,0.375400859347488
"16",0.18986864317706,0.333606288657872,0.192495722755996,0.231528586954752
"17",0.18986864317706,0.333606288657872,0.152068267970914,0.135737593968136
"18",0.18986864317706,0.333606288657872,0.163126523523248,0.219053547538798
"19",0.18986864317706,0.333606288657872,0.180420101886953,0.336911373276024
"20",0.18986864317706,0.333606288657872,0.177429937693232,0.575620401444278
"21",0.18986864317706,0.333606288657872,0.139183848968619,0.318285717344258
"22",0.18986864317706,0.333606288657872,0.172687398463179,0.402687317422765
"23",0.18986864317706,0.333606288657872,0.225863347204286,0.491813422589056
"24",0.18986864317706,0.333606288657872,0.150746073204577,0.322884384915844
"25",0.18986864317706,0.333606288657872,0.147551577688324,0.373248675878077
"26",0.18986864317706,0.333606288657872,0.193447813908172,0.484518629724454
"27",0.18986864317706,0.333606288657872,0.167117101086416,0.257935217806305
"28",0.18986864317706,0.333606288657872,0.190064791133845,0.273647822911326
"29",0.18986864317706,0.333606288657872,0.23307560137457,0.370404398529909
"30",0.18986864317706,0.333606288657872,0.149967484206615,0.125274310068176
