"","avg.mae","avg.rcor","detail.mae","detail.rcor"
"1",0.176842031097793,0.243804940508363,0.216772525019532,0.208284603368678
"2",0.176842031097793,0.243804940508363,0.184998337066022,0.220578104124969
"3",0.176842031097793,0.243804940508363,0.163307324564064,0.195667137210643
"4",0.176842031097793,0.243804940508363,0.126239691517153,0.276273763847321
"5",0.176842031097793,0.243804940508363,0.22002914990028,0.260515123945279
"6",0.176842031097793,0.243804940508363,0.18577667477351,0.209673711408984
"7",0.176842031097793,0.243804940508363,0.169844417259892,0.232600793764498
"8",0.176842031097793,0.243804940508363,0.152010482601029,0.136309694455969
"9",0.176842031097793,0.243804940508363,0.13694341859099,0.265655882865596
"10",0.176842031097793,0.243804940508363,0.19375886588294,0.240576422732713
"11",0.176842031097793,0.243804940508363,0.21348774637146,0.103344940064306
"12",0.176842031097793,0.243804940508363,0.163716010446215,0.217270919795804
"13",0.176842031097793,0.243804940508363,0.189713103579882,0.274489466450482
"14",0.176842031097793,0.243804940508363,0.152195749849282,0.380793133111507
"15",0.176842031097793,0.243804940508363,0.206022104156923,0.35202178106239
"16",0.176842031097793,0.243804940508363,0.141788866884874,0.190880468690679
"17",0.176842031097793,0.243804940508363,0.189566157724297,0.190903702958627
"18",0.176842031097793,0.243804940508363,0.163524665536406,0.318363074883117
"19",0.176842031097793,0.243804940508363,0.144149837730614,0.291582058260151
"20",0.176842031097793,0.243804940508363,0.196051774538022,0.298686423992545
"21",0.176842031097793,0.243804940508363,0.164405560128888,0.203457107789679
"22",0.176842031097793,0.243804940508363,0.183780795799505,0.286934339330807
"23",0.176842031097793,0.243804940508363,0.18005201411119,0.294174117774897
"24",0.176842031097793,0.243804940508363,0.194982874135333,0.331505736134065
"25",0.176842031097793,0.243804940508363,0.12767783794458,0.213250273289205
"26",0.176842031097793,0.243804940508363,0.182554696474311,0.0107302919338234
"27",0.176842031097793,0.243804940508363,0.182115763308688,0.232459494878164
"28",0.176842031097793,0.243804940508363,0.181826053275603,0.23567863106607
"29",0.176842031097793,0.243804940508363,0.170601270424354,0.350316123866443
"30",0.176842031097793,0.243804940508363,0.227367163337953,0.291170892193469
