"","avg.mae","avg.rcor","detail.mae","detail.rcor"
"1",0.286733774434378,0.128093827505571,0.272450592734642,0.24293554071662
"2",0.286733774434378,0.128093827505571,0.306367655276793,0.109999517704154
"3",0.286733774434378,0.128093827505571,0.280871198090258,0.143801203188949
"4",0.286733774434378,0.128093827505571,0.273183754878878,0.141934676379576
"5",0.286733774434378,0.128093827505571,0.309916101423206,0.184059656184717
"6",0.286733774434378,0.128093827505571,0.281281505811974,0.162652764512663
"7",0.286733774434378,0.128093827505571,0.304007562775596,0.157590570599405
"8",0.286733774434378,0.128093827505571,0.280328331192518,0.134327368853283
"9",0.286733774434378,0.128093827505571,0.260512662568383,0.148533874459474
"10",0.286733774434378,0.128093827505571,0.279858207988814,0.100992792797303
"11",0.286733774434378,0.128093827505571,0.289015086475607,0.201426830197416
"12",0.286733774434378,0.128093827505571,0.292182507186786,0.127115440982922
"13",0.286733774434378,0.128093827505571,0.273617857184675,0.120350641898428
"14",0.286733774434378,0.128093827505571,0.2717961032918,0.0610630050555296
"15",0.286733774434378,0.128093827505571,0.288647810591578,0.0666183465253918
"16",0.286733774434378,0.128093827505571,0.275356743354945,0.114267811330195
"17",0.286733774434378,0.128093827505571,0.288062375830872,0.132246491519921
"18",0.286733774434378,0.128093827505571,0.288133101371363,0.0415274444359012
"19",0.286733774434378,0.128093827505571,0.27376325627312,0.117656715325195
"20",0.286733774434378,0.128093827505571,0.286229754626358,0.202947136597091
"21",0.286733774434378,0.128093827505571,0.297049938460093,0.0423657745032418
"22",0.286733774434378,0.128093827505571,0.27068665665436,0.0915544334231933
"23",0.286733774434378,0.128093827505571,0.291012592143947,0.130253729146887
"24",0.286733774434378,0.128093827505571,0.282453552643385,0.101214150397298
"25",0.286733774434378,0.128093827505571,0.291891904884167,0.213320298644417
"26",0.286733774434378,0.128093827505571,0.304112858786806,0.154643481224902
"27",0.286733774434378,0.128093827505571,0.274014179450583,0.104954318384222
"28",0.286733774434378,0.128093827505571,0.310155137652133,0.0601873640534954
"29",0.286733774434378,0.128093827505571,0.300911237069653,0.159623774046553
"30",0.286733774434378,0.128093827505571,0.304143006358038,0.0726496720787933
