"","avg.mae","avg.rcor","detail.mae","detail.rcor"
"1",0.284900370261997,0.248870745194305,0.273667266684516,0.29812143585958
"2",0.284900370261997,0.248870745194305,0.274123097017586,0.269866871697294
"3",0.284900370261997,0.248870745194305,0.285603136783473,0.285549090831495
"4",0.284900370261997,0.248870745194305,0.306377752283326,0.117765926184135
"5",0.284900370261997,0.248870745194305,0.265942970221491,0.26833087135308
"6",0.284900370261997,0.248870745194305,0.275419395742897,0.317675637364154
"7",0.284900370261997,0.248870745194305,0.297572075298432,0.223657315514003
"8",0.284900370261997,0.248870745194305,0.274359653985963,0.215767045439881
"9",0.284900370261997,0.248870745194305,0.270846520266722,0.331900069396294
"10",0.284900370261997,0.248870745194305,0.326795166146915,0.176841897884686
"11",0.284900370261997,0.248870745194305,0.250721259484491,0.247306661722265
"12",0.284900370261997,0.248870745194305,0.314354558083462,0.214299189965116
"13",0.284900370261997,0.248870745194305,0.305219788611926,0.260767873412532
"14",0.284900370261997,0.248870745194305,0.247174410747267,0.186132504502016
"15",0.284900370261997,0.248870745194305,0.338842741698885,0.149235593694427
"16",0.284900370261997,0.248870745194305,0.313166927667521,0.319794628736028
"17",0.284900370261997,0.248870745194305,0.25467238587123,0.369524556363124
"18",0.284900370261997,0.248870745194305,0.30050933691947,0.284011006100488
"19",0.284900370261997,0.248870745194305,0.264890484712216,0.231057104024359
"20",0.284900370261997,0.248870745194305,0.28976470656204,0.228533781570713
"21",0.284900370261997,0.248870745194305,0.266369368495199,0.307957129773596
"22",0.284900370261997,0.248870745194305,0.265568138488523,0.321477645631984
"23",0.284900370261997,0.248870745194305,0.272977640420367,0.263931351039794
"24",0.284900370261997,0.248870745194305,0.309717912855514,0.273183689983869
"25",0.284900370261997,0.248870745194305,0.310615203856055,0.218091228227162
"26",0.284900370261997,0.248870745194305,0.263817245611668,0.313576925888014
"27",0.284900370261997,0.248870745194305,0.292937260925876,0.172399026184466
"28",0.284900370261997,0.248870745194305,0.265966090027236,0.199446783031761
"29",0.284900370261997,0.248870745194305,0.269045041941835,0.282221883440595
"30",0.284900370261997,0.248870745194305,0.299973570447812,0.117697631012244
