"","avg.mae","avg.rcor","detail.mae","detail.rcor"
"1",0.382107645290974,0.196813607475451,0.39936702966895,0.137466968601771
"2",0.382107645290974,0.196813607475451,0.419261665601732,0.0810859754507539
"3",0.382107645290974,0.196813607475451,0.421233551280942,0.103335391086382
"4",0.382107645290974,0.196813607475451,0.324720315680314,0.217454304901332
"5",0.382107645290974,0.196813607475451,0.360104416699995,0.332725145841477
"6",0.382107645290974,0.196813607475451,0.39997443596839,0.371223779841762
"7",0.382107645290974,0.196813607475451,0.302801296904505,0.086323780454924
"8",0.382107645290974,0.196813607475451,0.403023756470561,0.323165134649758
"9",0.382107645290974,0.196813607475451,0.381815382702248,0.240709117696998
"10",0.382107645290974,0.196813607475451,0.368325752704825,0.207904686711182
"11",0.382107645290974,0.196813607475451,0.438360917442368,0.196814086908656
"12",0.382107645290974,0.196813607475451,0.352336796676376,0.155813059796233
"13",0.382107645290974,0.196813607475451,0.349782064358003,0.0945711305719099
"14",0.382107645290974,0.196813607475451,0.361218766190829,0.188667202117792
"15",0.382107645290974,0.196813607475451,0.357224165239684,0.197941412285689
"16",0.382107645290974,0.196813607475451,0.43513594412657,0.213232630988798
"17",0.382107645290974,0.196813607475451,0.430965952603037,0.103000942890896
"18",0.382107645290974,0.196813607475451,0.366283793974017,0.169763388055969
"19",0.382107645290974,0.196813607475451,0.368081881760944,0.21280251407226
"20",0.382107645290974,0.196813607475451,0.392733128118192,0.1799982679908
"21",0.382107645290974,0.196813607475451,0.364541881872324,0.155843534191926
"22",0.382107645290974,0.196813607475451,0.380439166221897,0.171190724833634
"23",0.382107645290974,0.196813607475451,0.401585090142823,0.177190327470742
"24",0.382107645290974,0.196813607475451,0.417708172661051,0.215849210555964
"25",0.382107645290974,0.196813607475451,0.351369732345472,0.230016795884119
"26",0.382107645290974,0.196813607475451,0.390311473752226,0.130608225912667
"27",0.382107645290974,0.196813607475451,0.370674152872527,0.294313352143883
"28",0.382107645290974,0.196813607475451,0.370967003915645,0.199085688508431
"29",0.382107645290974,0.196813607475451,0.4114975851772,0.219237956348759
"30",0.382107645290974,0.196813607475451,0.371384085595585,0.297073487498062
