"","avg.mae","avg.rcor","detail.mae","detail.rcor"
"1",0.357528183356252,0.232091472948642,0.344026084843733,0.216998321113673
"2",0.357528183356252,0.232091472948642,0.388078344219516,0.234545654127854
"3",0.357528183356252,0.232091472948642,0.328943084618344,0.159921545102433
"4",0.357528183356252,0.232091472948642,0.338487511183806,0.316883499359218
"5",0.357528183356252,0.232091472948642,0.355624697641189,0.267901546119604
"6",0.357528183356252,0.232091472948642,0.352819907968045,0.240539425598476
"7",0.357528183356252,0.232091472948642,0.411055826104812,0.298799545352341
"8",0.357528183356252,0.232091472948642,0.334911891177876,0.124099812618402
"9",0.357528183356252,0.232091472948642,0.370419201791182,0.171303280877906
"10",0.357528183356252,0.232091472948642,0.382256188682893,0.15082546905836
"11",0.357528183356252,0.232091472948642,0.402245831314956,0.313716179358616
"12",0.357528183356252,0.232091472948642,0.367263188571575,0.151247841638433
"13",0.357528183356252,0.232091472948642,0.369059400590377,0.151477889742113
"14",0.357528183356252,0.232091472948642,0.311187472313634,0.133248322466365
"15",0.357528183356252,0.232091472948642,0.352897107928941,0.165062826665721
"16",0.357528183356252,0.232091472948642,0.397092554110892,0.281761809003405
"17",0.357528183356252,0.232091472948642,0.372647203926874,0.210954586117544
"18",0.357528183356252,0.232091472948642,0.36280205759232,0.201063150189033
"19",0.357528183356252,0.232091472948642,0.374446481777047,0.336313226437679
"20",0.357528183356252,0.232091472948642,0.299988246370221,0.170278147365706
"21",0.357528183356252,0.232091472948642,0.407994006584968,0.334395937438536
"22",0.357528183356252,0.232091472948642,0.410648801917818,0.278318343224757
"23",0.357528183356252,0.232091472948642,0.28445912084356,0.269174140146708
"24",0.357528183356252,0.232091472948642,0.304838719202897,0.272191504710927
"25",0.357528183356252,0.232091472948642,0.374275316554177,0.302106565953783
"26",0.357528183356252,0.232091472948642,0.386080052948718,0.351431762484144
"27",0.357528183356252,0.232091472948642,0.325980249900814,0.28517462610183
"28",0.357528183356252,0.232091472948642,0.344119580642559,0.229195372142083
"29",0.357528183356252,0.232091472948642,0.35053548967488,0.259192738566512
"30",0.357528183356252,0.232091472948642,0.320661879688945,0.0846211193770955
